SYSTEM=job
PREC=Accurate
ALGO=Fast
ISTART=0
ICHARG=2
LREAL=.FALSE.
LWAVE=.FALSE.
LCHARG=.TRUE.
LORBIT=11
ISMEAR=1
SIGMA=0.005
ISPIN=2
ENCUT=500
EDIFF=1e-6
NELM=200
LMAXMIX=6
LNONCOLLINEAR=.TRUE.
NPAR=5
ISYM=2
RWIGS=1.217 0.979 1.323 
IBRION=2
ISIF=3
NSW=50
EDIFFG=-0.01
MAGMOM=  -2.0000000 1.0000000 0.0000000  0.9879538 0.1383535 0.0693225  -0.6769662 0.7294905 0.0977772  -0.5149820 -0.8449619 -0.1443360  -2.0000000 1.0000000 0.0000000 
