SYSTEM=job
PREC=Accurate
ALGO=Fast
ISTART=0
ICHARG=2
LREAL=.FALSE.
LWAVE=.FALSE.
LCHARG=.TRUE.
LORBIT=11
ISMEAR=1
SIGMA=0.03
ISPIN=2
ENCUT=500
EDIFF=1e-5
NELM=200
LMAXMIX=6
LNONCOLLINEAR=.TRUE.
NPAR=5
ISYM=2
RWIGS=1.164 
MAGMOM=  0.0000000 0.0000000 1.0000000  0.0000000 0.0000000 1.0000000  0.0000000 0.0000000 1.0000000  0.0000000 0.0000000 1.0000000 
