SYSTEM=job
PREC=Accurate
ALGO=Fast
ISTART=0
ICHARG=2
LREAL=.FALSE.
LWAVE=.FALSE.
LCHARG=.TRUE.
LORBIT=11
ISMEAR=1
SIGMA=0.005
ISPIN=2
ENCUT=500
EDIFF=1e-6
NELM=200
LMAXMIX=6
LNONCOLLINEAR=.TRUE.
NPAR=5
ISYM=2
RWIGS=1.217 1.323 0.979 
I_CONSTRAINED=4
LAMBDA=1
MAGMOM=  0.0000000 0.0000000 0.0000000  -0.3621672 -0.9312303 0.0405595  -0.4750005 0.8794350 0.0311215  0.9956734 -0.0518258 0.0771274  0.0000000 0.0000000 0.0000000 
M_CONSTR=  0.0000000 0.0000000 0.0000000  -0.3621672 -0.9312303 0.0405595  -0.4750005 0.8794350 0.0311215  0.9956734 -0.0518258 0.0771274  0.0000000 0.0000000 0.0000000 
