SYSTEM=job
PREC=Accurate
ALGO=Fast
ISTART=0
ICHARG=2
LREAL=.FALSE.
LWAVE=.FALSE.
LCHARG=.TRUE.
LORBIT=11
ISMEAR=1
SIGMA=0.005
ISPIN=2
ENCUT=500
EDIFF=1e-6
NELM=200
LMAXMIX=6
LNONCOLLINEAR=.TRUE.
NPAR=5
ISYM=2
RWIGS=1.217 1.323 0.979 
I_CONSTRAINED_M=4
LAMBDA=1
MAGMOM=  0.0000000 0.0000000 0.0000000  -0.5550793 -0.8313409 0.0275553  -0.6366653 0.7703770 0.0343008  0.9927164 -0.0394084 -0.1138466  0.0000000 0.0000000 0.0000000 
M_CONSTR=  0.0000000 0.0000000 0.0000000  -0.5550793 -0.8313409 0.0275553  -0.6366653 0.7703770 0.0343008  0.9927164 -0.0394084 -0.1138466  0.0000000 0.0000000 0.0000000 
