SYSTEM=job
PREC=Accurate
ALGO=Fast
ISTART=0
ICHARG=2
LREAL=.FALSE.
LWAVE=.FALSE.
LCHARG=.TRUE.
LORBIT=11
ISMEAR=1
SIGMA=0.005
ISPIN=2
ENCUT=500
EDIFF=1e-6
NELM=200
LMAXMIX=6
LNONCOLLINEAR=.TRUE.
NPAR=5
ISYM=2
RWIGS=1.217 1.323 0.979 
I_CONSTRAINED=4
LAMBDA=1
MAGMOM=  0.0000000 0.0000000 0.0000000  0.9932677 0.0311662 0.1115702  -0.4324970 0.9016317 -0.0025609  -0.4852053 -0.8620147 -0.1466508  0.0000000 0.0000000 0.0000000 
M_CONSTR=  0.0000000 0.0000000 0.0000000  0.9932677 0.0311662 0.1115702  -0.4324970 0.9016317 -0.0025609  -0.4852053 -0.8620147 -0.1466508  0.0000000 0.0000000 0.0000000 
