SYSTEM=job
PREC=Accurate
ALGO=Fast
ISTART=0
ICHARG=2
LREAL=.FALSE.
LWAVE=.FALSE.
LCHARG=.TRUE.
LORBIT=11
ISMEAR=1
SIGMA=0.005
ISPIN=2
ENCUT=500
EDIFF=1e-6
NELM=200
LMAXMIX=6
LNONCOLLINEAR=.TRUE.
NPAR=5
ISYM=2
RWIGS=1.217 1.323 0.979 
I_CONSTRAINED=4
LAMBDA=1
MAGMOM=  0.0000000 0.0000000 0.0000000  0.9981043 -0.0523147 0.0324199  -0.3695670 0.9006620 -0.2285348  -0.5606468 -0.8268573 0.0445230  0.0000000 0.0000000 0.0000000 
M_CONSTR=  0.0000000 0.0000000 0.0000000  0.9981043 -0.0523147 0.0324199  -0.3695670 0.9006620 -0.2285348  -0.5606468 -0.8268573 0.0445230  0.0000000 0.0000000 0.0000000 
