SYSTEM=job
PREC=Accurate
ALGO=Fast
ISTART=0
ICHARG=2
LREAL=.FALSE.
LWAVE=.FALSE.
LCHARG=.TRUE.
LORBIT=11
ISMEAR=1
SIGMA=0.005
ISPIN=2
ENCUT=500
EDIFF=1e-6
NELM=200
LMAXMIX=6
LNONCOLLINEAR=.TRUE.
NPAR=5
ISYM=2
RWIGS=1.217 1.323 0.979 
I_CONSTRAINED=4
LAMBDA=1
MAGMOM=  0.0000000 0.0000000 0.0000000  0.9999987 0.0000229 0.0016016  -0.4503268 0.8916866 0.0458336  -0.3249270 -0.9403293 0.1010115  0.0000000 0.0000000 0.0000000 
M_CONSTR=  0.0000000 0.0000000 0.0000000  0.9999987 0.0000229 0.0016016  -0.4503268 0.8916866 0.0458336  -0.3249270 -0.9403293 0.1010115  0.0000000 0.0000000 0.0000000 
