SYSTEM=job
PREC=Accurate
ALGO=Fast
ISTART=0
ICHARG=2
LREAL=.FALSE.
LWAVE=.FALSE.
LCHARG=.TRUE.
LORBIT=11
ISMEAR=1
SIGMA=0.005
ISPIN=2
ENCUT=500
EDIFF=1e-6
NELM=200
LMAXMIX=6
LNONCOLLINEAR=.TRUE.
NPAR=5
ISYM=2
RWIGS=1.217 1.323 0.979 
I_CONSTRAINED=4
LAMBDA=1
MAGMOM=  0.0000000 0.0000000 0.0000000  0.9511754 -0.2672170 0.1544679  -0.4682035 0.8833619 -0.0213840  -0.5091839 -0.8589441 -0.0542845  0.0000000 0.0000000 0.0000000 
M_CONSTR=  0.0000000 0.0000000 0.0000000  0.9511754 -0.2672170 0.1544679  -0.4682035 0.8833619 -0.0213840  -0.5091839 -0.8589441 -0.0542845  0.0000000 0.0000000 0.0000000 
