SYSTEM=job
PREC=Accurate
ALGO=Fast
ISTART=0
ICHARG=2
LREAL=.FALSE.
LWAVE=.FALSE.
LCHARG=.TRUE.
LORBIT=11
ISMEAR=1
SIGMA=0.03
ISPIN=2
ENCUT=500
EDIFF=1e-5
NELM=200
LMAXMIX=6
LNONCOLLINEAR=.TRUE.
NPAR=5
ISYM=2
RWIGS=1.302 1.482 
I_CONSTRAINED_M=4
LAMBDA=1
MAGMOM=  -0.0343008 0.1661798 0.9854987  -0.1177526 0.0727401 0.9903753  -0.0275553 -0.0650424 0.9975020  -0.0471648 0.0378141 0.9981711  0.0052416 -0.0046780 0.9999753  -0.1138466 -0.0394084 -0.9927164 
M_CONSTR=  -0.0343008 0.1661798 0.9854987  -0.1177526 0.0727401 0.9903753  -0.0275553 -0.0650424 0.9975020  -0.0471648 0.0378141 0.9981711  0.0052416 -0.0046780 0.9999753  -0.1138466 -0.0394084 -0.9927164 
