SYSTEM=job
PREC=Accurate
ALGO=Fast
ISTART=0
ICHARG=2
LREAL=.FALSE.
LWAVE=.FALSE.
LCHARG=.TRUE.
LORBIT=11
ISMEAR=1
SIGMA=0.005
ISPIN=2
ENCUT=500
EDIFF=1e-6
NELM=200
LMAXMIX=6
LNONCOLLINEAR=.TRUE.
NPAR=8
ISYM=2
RWIGS=1.217 1.323 0.979 
MAGMOM=  0.0000000 0.0000000 0.0000000  0.0000000 0.0000000 0.0000000  0.0000000 0.0000000 0.0000000  0.0000000 0.0000000 0.0000000  0.0000000 0.0000000 0.0000000  0.0000000 0.0000000 0.0000000  0.0000000 0.0000000 0.0000000  0.0000000 0.0000000 0.0000000  -1.5000000 -2.5980762 0.0000000  -1.5000000 -2.5980762 0.0000000  -1.5000000 -2.5980762 0.0000000  -1.5000000 -2.5980762 0.0000000  -1.5000000 -2.5980762 0.0000000  -1.5000000 -2.5980762 0.0000000  -1.5000000 -2.5980762 0.0000000  -1.5000000 -2.5980762 0.0000000  -1.5000000 2.5980762 0.0000000  -1.5000000 2.5980762 0.0000000  -1.5000000 2.5980762 0.0000000  -1.5000000 2.5980762 0.0000000  -1.5000000 2.5980762 0.0000000  -1.5000000 2.5980762 0.0000000  -1.5000000 2.5980762 0.0000000  -1.5000000 2.5980762 0.0000000  3.0000000 0.0000000 0.0000000  3.0000000 0.0000000 0.0000000  3.0000000 0.0000000 0.0000000  3.0000000 0.0000000 0.0000000  3.0000000 0.0000000 0.0000000  3.0000000 0.0000000 0.0000000  3.0000000 0.0000000 0.0000000  3.0000000 0.0000000 0.0000000  0.0000000 0.0000000 0.0000000  0.0000000 0.0000000 0.0000000  0.0000000 0.0000000 0.0000000  0.0000000 0.0000000 0.0000000  0.0000000 0.0000000 0.0000000  0.0000000 0.0000000 0.0000000  0.0000000 0.0000000 0.0000000  0.0000000 0.0000000 0.0000000 
