SYSTEM=job
PREC=Accurate
ALGO=Fast
ISTART=0
ICHARG=2
LREAL=.FALSE.
LWAVE=.FALSE.
LCHARG=.TRUE.
LORBIT=11
ISMEAR=1
SIGMA=0.005
ISPIN=2
ENCUT=500
EDIFF=1e-6
NELM=200
LMAXMIX=6
LNONCOLLINEAR=.TRUE.
NPAR=5
ISYM=2
RWIGS=1.164 
I_CONSTRAINED=4
LAMBDA=1
MAGMOM=  -0.9153871 0.3803517 -0.1319052  -0.4965460 -0.8388999 -0.2229104 
M_CONSTR=  -0.9153871 0.3803517 -0.1319052  -0.4965460 -0.8388999 -0.2229104 
