SYSTEM=job
PREC=Accurate
ALGO=Fast
ISTART=0
ICHARG=2
LREAL=.FALSE.
LWAVE=.FALSE.
LCHARG=.TRUE.
LORBIT=11
ISMEAR=1
SIGMA=0.005
ISPIN=2
ENCUT=500
EDIFF=1e-6
NELM=200
LMAXMIX=6
LNONCOLLINEAR=.TRUE.
NPAR=5
ISYM=2
RWIGS=1.164 
I_CONSTRAINED_M=4
LAMBDA=1
MAGMOM=  0.9444206 -0.3269143 -0.0345958  -0.1713034 0.8299275 -0.5309195 
M_CONSTR=  0.9444206 -0.3269143 -0.0345958  -0.1713034 0.8299275 -0.5309195 
