SYSTEM=job
PREC=Accurate
ALGO=Fast
ISTART=0
ICHARG=2
LREAL=.FALSE.
LWAVE=.FALSE.
LCHARG=.TRUE.
LORBIT=11
ISMEAR=1
SIGMA=0.005
ISPIN=2
ENCUT=500
EDIFF=1e-6
NELM=200
LMAXMIX=6
LNONCOLLINEAR=.TRUE.
NPAR=5
ISYM=2
RWIGS=1.164 
I_CONSTRAINED=4
LAMBDA=1
MAGMOM=  0.2431103 0.4378709 -0.8655440  0.0589533 -0.9717825 0.2283928 
M_CONSTR=  0.2431103 0.4378709 -0.8655440  0.0589533 -0.9717825 0.2283928 
